836469691
836470167
836471966
836472890
836475809
836474269
836477181
836477076
836480674
836482543
836483999
833249208
835573817
835846558
835847048
835848133
835850429
835850961
835858850
829474206
835452500
835412803
837234686
837250317
837257996
837021830
837996356
836564394
836572773
836573242
833031634
836656556
836658831
837336424
837338104
836258081
837306625
837317356
836179324
836436763
837698562
837699458
835923397
836816380
836307249
836307417
837124646
837125675
837134922
837136455
837145548
837146941
837153997
837155502
837550421
837551870
837552437
837554040
837556441
837557274
837558296
837562776
837580024
837584231
837589404
837590587
833385729
835806574
835806868
835807190
835807701
835816164
837309390
837341856
837504256
837506524
837513223
837518144
837493119
836402225
836406705
835229711
837045266
837050222
837050362
836386174
836389569
836393195
836394623
836404864
836408742
837961265
837962490
835864989
835865563
835869301
837285891
833016458
836441124
836441803
836447606
836447879
836462173
836462558
836465274
836465981
835935941
837733877
837734444
835958229
836375478
836379699
836383234
836383815
836384977
836391879
836422301
837208282
837208632
837212818
837214295
837216843
837221722
837266389
837279248
837276070
836286550
835968057
835972453
835983212
835984815
837004092
837008509
837009489
837015859
837016958
833362538
836400566
836407671
837571890
837578617
837273907
837279353
837284561
837295124
835835519
835841266
835843016
836101323
837851505
837868137
837908114
836119593
837721018
837722446
837724406
836974377
836982077
836989063
837046484
837048577
837061212
837067141
837980242
837987382
837993444
837073868
837085810
837086874
833092555
836350635
836355598
836363620
833229104
836331511
836342522
837310986
837320667
835578535
837834782
837837876
837851001
835702218
837534832
837538255
837544380
837549112
837549616
835756685
832063289
837411191
836195515
836199862
838009320
838010867
837152065
837158505
837170328
837171231
837172246
837172981
837175578
837879204
837891076
835816073
835819118
835819531
835831683
835834700
832809860
837101924
837112263
837115392
829834405
837782016
837166345
837170412
837170832
837175543
837178672
836363270
836366343
836366350
836367463
836369892
836373574
836378180
836142035
836146186
837200316
837204782
837213273
837239691
836647127
835168559
835178093
835884491
835890679
837521784
837525172
837527090
837097472
835735125
835737498
836428853
836431324
836439423
836443049
837673054
835896790
837681503
837689448
835641388
837817940
837824058
837826942
835321936
836926791
836926854
836935275
836077838
836626722
836001363
836007334
835292522
836908045
836913204
836997337
837002244
837351292
837355513
836371803
836373084
836376717
836376724
836379636
833345759
836341409
836342221
836696400
836467668
836481969
836490103
837440836
836566228
837026744
837031252
837032267
837038161
837043432
837044706
837012114
837015005
837016006
837016447
837023209
837020451
837022117
836995426
836996420
836997477
836997743
837001614
837001929
837002874
836475494
836484783
837549511
837552171
837557470
837559374
837559514
837563413
835867607
835871744
835892002
835893360
835770041
835772106
835926974
836901577
836904594
836913351
836871232
836089444
837542819
837555132
837560375
837563322
837563966
837564225
837569328
837573241
837579961
837584728
836300473
838029046
837653867
837655162
837664087
837274803
837285471
836736685
837160458
837163713
837168473
835323756
836485777
836486330
836493736
836493526
836495493
836497803
837752266
837749270
836976260
836976162
836976890
836978500
836982693
836983190
836989679
836071741
836381204
836384102
836384522
836384753
836390668
836393468
836394714
836463524
836468193
836058819
837443139
837449635
837453744
836805789
836634569
835866592
835789606
835798790
835800141
835804754
835174264
835824424
835826202
835266300
835266391
835286229
837224753
837230101
837513468
837516744
837517486
837523506
837537520
837538164
837894646
836256247
836280068
837704078
837704092
837709839
831660348
836943829
836962792
836947196
836947672
836962484
836963296
836965970
836967125
836969575
836970002
836974349
836981426
836993060
836385096
836385334
836389170
836392810
836393993
836368989
837590279
837596754
837617418
837621310
837621891
837629633
837633749
836119957
836128399
837928974
837669148
836229409
836236633
837215142
837980914
837668462
837670758
837673768
837676974
837676841
837681174
837682784
837684387
837142027
837143539
837146549
836215073
837658571
837662883
837672823
837673005
837685556
836519482
836520931
836524662
836525950
836527308
836532635
836535568
837967404
836175859
835622796
836110780
836125165
836125340
837858715
836939860
836950997
836951410
836951956
836975735
836979179
836983687
837126074
837126438
831377611
837054471
837062220
837064593
837529463
837525837
837532592
837537709
837537653
837537884
837539977
837543827
837540425
837545052
837548202
837548237
837548622
837465826
837467709
837346644
837355275
836578205
836596734
838006737
836548805
836552186
837512243
837512803
837517528
837486728
836525915
832292385
832296291
836537962
836507029
836519545
835748047
835747571
835933624
835955716
836451162
836455901
836462747
837065188
837067477
837071957
837072286
837073812
837075023
837076346
837711701
837715145
837724462
836187360
836197461
835975827
836313010
833245134
837857637
837852345
837861284
837046148
837047016
837050257
837054233
837057698
837059903
836843652
836864309
836881837
836057664
837016818
837016986
837018582
835314999
837022460
837028557
836960146
836964962
836965648
836352896
836355941
836360386
837807839
837818808
837822595
836042558
837589369
835809955
835809983
837593065
837594367
837596978
837601682
835819013
837607345
835822247
835824221
836422406
836429812
836434908
836435433
836437869
836439374
835889307
835891526
835896272
837043453
837052112
837068394
837072685
836339267
836351657
836353603
835276793
835766086
835768767
835772337
835779232
835900507
837383905
836617685
836618875
837730867
837734213
837742795
836290365
836292353
837184832
837188647
837197908
837203396
836086637
837728284
837731364
837732127
836610041
836617839
836993494
836994852
836997057
837000298
837004043
837009510
837009804
837012247
837014088
837015285
837896900
837608052
837609557
837610341
837610824
837612721
837615514
837618580
837617131
837618755
835844066
836787505
836791635
835991752
835997135
836012339
837084291
837088925
837089079
837093594
837091298
837101504
835731401
835734866
831955489
836812075
837008859
837016713
837019737
837029033
837032169
837038861
836691311
836701314
836701377
837663443
837667167
837667944
836568013
836575272
836583497
835706271
835709680
836918489
836922878
837789954
835390221
836700894
836723112
836733367
836745449
835722938
836670710
837629325
837633371
837635765
837634127
837174311
837187289
837189032
837288558
837289489
836559298
836918307
836922304
836938593
836939881
836944081
836944970
836945530
832890745
837243058
837255896
837255924
837257289
837265703
836433879
836437974
836438107
836440291
836445688
836446563
836447249
836401203
836401882
836404934
836402757
836403548
836408833
836413187
836444386
836445373
836445793
836447088
836448110
836452128
836453577
836454648
836458029
836635549
836649115
837418275
837617495
837619070
837623550
835837094
835839754
837628303
837628415
835846999
835850226
835850492
835845368
835845886
832890675
837687978
837692619
837699514
837699402
837700228
837699871
837702195
837705002
837708579
837708789
837709090
836279690
836282798
836295580
835380239
835397256
837607653
837607968
837611314
837620302
837786916
837640252
837801609
835307138
836279193
836014782
836026430
837751643
837100083
837106824
837112718
837117331
835792399
835792707
835796158
835800197
835800995
835801898
835802647
836478245
836488997
836490278
837319526
837125017
837451525
837452064
837452113
837452386
837453814
837455361
837459841
837115259
837120754
837123883
837126571
837128790
837133501
837144162
837626889
837629150
837633462
837633959
837634946
837635492
837280130
837293367
833003347
832529636
837255672
837267943
836142028
832581485
837696483
837697512
837709342
837713430
837718316
837722740
837725267
837725617
837726681
836549974
836553299
836225230
835349516
838046266
836305737
836306759
836310189
836313073
836316783
836006438
836009385
837804234
836039898
836608116
836615473
836615760
836622501
836969736
836971269
836975525
835268050
835268694
836719472
837175473
837177181
837177776
836361968
836362220
836364544
836367596
836370396
836371089
836379545
836383570
836168292
837807769
837819676
837836497
837217767
837223297
837223374
837223710
836903691
836867270
836416827
836417954
836420194
836423421
836423470
836426039
836428293
836431184
836600941
836603909
836607857
836607745
836611357
837570868
837570882
837571295
837571463
837575432
837574130
837575985
837583125
835759541
837382428
837384850
837382414
832676398
835812972
835818075
835819538
835823850
835824858
835828134
835782403
835782508
835786589
835789795
835790327
835790971
835796753
835835414
835839306
835840538
835841910
836726731
836728845
836760954
836706578
835585003
835585486
836633141
836646035
836655422
836670332
836869573
836869832
836870007
835800533
835801961
835803879
835804355
835804439
835803228
835805076
835808611
835809241
835428217
835709477
836579808
837458161
836552123
836560467
835917370
835926505
835933470
835934170
835935255
835760731
837541545
835760990
835761081
837542798
837543617
835764525
837549630
835769341
837551758
837552780
837553858
837553949
835773408
837554915
837556770
837559353
837559521
837560354
837560858
835474256
837506489
835733774
837517563
835750434
835970871
836503760
836503963
836506952
837562237
837562916
835791902
837577973
835797978
837583153
835802612
837584350
837585624
837586401
836627121
837588284
837591399
837590433
837594864
837597587
837598735
835851962
835859473
835861244
837646426
835864443
837658046
837659586
836445527
836450084
835440859
835444940
836787435
836491797
836496935
836503277
836509395
836020221
836037378
835980538
835988728
835934492
835936830
835940022
835943956
836924257
836925545
836928121
836936465
835674547
835694959
836941645
836942233
836946671
836947182
836947371
836947462
836949023
836949436
836955316
837054275
837066182
837067610
837532116
836307326
835381835
836381841
836382219
836386111
836391683
835968456
835971389
836326023
836539131
837794056
837794378
836542540
836550884
836561104
836573137
837113530
837566087
837566731
837573360
837573612
836738386
836740829
836753065
836872597
837158442
837159632
837160143
837164014
836706760
838034730
838036613
836352630
836356179
836362997
836365489
836366945
838019414
835696261
835699684
835701021
835680672
837671668
837671059
837676295
837686599
836516689
836522030
836523703
836524382
837801182
837810079
837074428
837081645
837217116
837217662
837219755
836414496
836418612
830206385
837007060
837010007
830687733
837314836
837318021
837319575
836341493
836417800
836420103
836429168
836431653
836433760
836434712
836435405
836436504
836438646
835906373
835907829
835909404
837697792
837699241
837700508
837708782
837709237
835924426
835930642
837716755
837716867
836481486
836487422
836490789
836791754
836469572
836469719
836471203
836476299
836478084
836483558
837103030
837103373
837104402
837108539
837109071
837111283
832801152
835527918
835537347
836485616
836485693
836487513
836488087
836491349
836498300
836500575
836503179
832407234
836722930
837702433
837703707
837707284
837708614
836453248
836453927
836457847
836460003
836462390
836463811
836461886
832256419
837819739
837825535
837829497
837922121
835867796
833127961
837228351
837230598
835733676
837344467
836434789
836438401
836303637
836304680
835304450
837043460
837044433
837049746
837047709
837058909
837850077
837850217
837817590
837820285
837625503
837633322
837637060
837647553
835599591
837270757
837271891
837273025
837275321
836368275
836372860
836377984
837286045
837298323
836689085
836691486
836695805
836395771
836398354
836399621
836406236
836410086
836416022
836417611
836418990
836419592
837924865
837926755
835857128
835858318
835861132
836738512
836738764
835928668
836670605
836673839
836685249
836540762
836548385
835552075
836951977
836952754
835254953
836965914
837506405
837508568
835742622
837523723
837532242
836005780
836008895
836301579
835384446
835881565
837669134
837670723
